      z[m]      p[mb]      tp[K]    q[g/kg]     u[m/s]     v[m/s]
      0.00,         64,    1009.32
     25.00000000	   1006.46618290	    298.31225360	     16.09795288	      0.00000000	      0.00000000
     75.00000000	   1000.77712593	    298.27841599	     15.73453212	      0.00000000	      0.00000000
    127.84809875	    994.78820869	    298.32207293	     15.67747836	      0.00000000	      0.00000000
    186.71687317	    988.14783246	    298.36706282	     15.61563454	      0.00000000	      0.00000000
    252.29220581	    980.78910867	    298.41491011	     15.54920596	      0.00000000	      0.00000000
    325.33816528	    972.63912904	    298.46809512	     15.44983963	      0.00000000	      0.00000000
    406.70581055	    963.61884535	    298.53666102	     15.30533002	      0.00000000	      0.00000000
    497.34317017	    953.64309066	    298.63933391	     15.07551708	      0.00000000	      0.00000000
    598.30627441	    942.62089803	    298.81161899	     14.70529940	      0.00000000	      0.00000000
    710.77154541	    930.45636168	    299.10443720	     14.14477537	      0.00000000	      0.00000000
    836.04931641	    917.04928834	    299.52755792	     13.46820627	      0.00000000	      0.00000000
    975.59924316	    902.29498701	    300.05504472	     12.79114446	      0.00000000	      0.00000000
   1131.04724121	    886.08420198	    300.66580947	     12.15443359	      0.00000000	      0.00000000
   1304.20446777	    868.30391396	    301.35553640	     11.54044566	      0.00000000	      0.00000000
   1497.08850098	    848.83901888	    302.13135391	     10.91727203	      0.00000000	      0.00000000
   1711.94665527	    827.57452480	    302.99998663	     10.26560668	      0.00000000	      0.00000000
   1951.28234863	    804.39809344	    303.96504847	      9.58305016	      0.00000000	      0.00000000
   2217.88403320	    779.20355497	    305.03652208	      8.87376237	      0.00000000	      0.00000000
   2514.85815430	    751.89594519	    306.24090280	      8.13727830	      0.00000000	      0.00000000
   2845.66479492	    722.39781155	    307.61180667	      7.36651186	      0.00000000	      0.00000000
   3214.15820312	    690.65530637	    309.16945111	      6.55803864	      0.00000000	      0.00000000
   3624.63183594	    656.64467278	    310.92930986	      5.71463396	      0.00000000	      0.00000000
   4081.86840820	    620.38240044	    312.91865054	      4.84137013	      0.00000000	      0.00000000
   4581.86816406	    582.62621316	    315.11373406	      3.97207448	      0.00000000	      0.00000000
   5081.86816406	    546.77128572	    317.25196742	      3.21989281	      0.00000000	      0.00000000
   5581.86816406	    512.72569838	    319.28243512	      2.58989097	      0.00000000	      0.00000000
   6081.86816406	    480.40768497	    321.23223470	      2.04903831	      0.00000000	      0.00000000
   6581.86816406	    449.74183241	    323.13031616	      1.57109930	      0.00000000	      0.00000000
   7081.86816406	    420.65568003	    324.93834066	      1.16500450	      0.00000000	      0.00000000
   7581.86816406	    393.07540825	    326.57420401	      0.84657632	      0.00000000	      0.00000000
   8081.86816406	    366.92711539	    328.00680753	      0.60765626	      0.00000000	      0.00000000
   8581.86816406	    342.14083193	    329.24627037	      0.42951792	      0.00000000	      0.00000000
   9081.86816406	    318.65181990	    330.30508704	      0.29685465	      0.00000000	      0.00000000
   9581.86816406	    296.39995078	    331.18941793	      0.20063772	      0.00000000	      0.00000000
  10081.86816406	    275.32963592	    331.92285243	      0.13329853	      0.00000000	      0.00000000
  10581.86816406	    255.39043721	    332.55018980	      0.08761491	      0.00000000	      0.00000000
  11081.86816406	    236.53736108	    333.13401388	      0.05716814	      0.00000000	      0.00000000
  11581.86816406	    218.73085343	    333.75701819	      0.03690855	      0.00000000	      0.00000000
  12081.86816406	    201.93696558	    334.53599945	      0.02351123	      0.00000000	      0.00000000
  12581.86816406	    186.12805482	    335.64708656	      0.01484306	      0.00000000	      0.00000000
  13081.86816406	    171.28376699	    337.34604475	      0.00948154	      0.00000000	      0.00000000
  13581.86816406	    157.39216784	    340.00829250	      0.00638161	      0.00000000	      0.00000000
  14081.86816406	    144.44907600	    344.07562762	      0.00477113	      0.00000000	      0.00000000
  14581.86816406	    132.45199139	    349.86720081	      0.00411305	      0.00000000	      0.00000000
  15081.86816406	    121.38965103	    357.41066586	      0.00402805	      0.00000000	      0.00000000
  15581.86816406	    111.23378801	    366.45062661	      0.00429667	      0.00000000	      0.00000000
  16081.86816406	    101.93801857	    376.58729215	      0.00481852	      0.00000000	      0.00000000
  16581.86718750	     93.44284377	    387.42235490	      0.00547047	      0.00000000	      0.00000000
  17081.86718750	     85.68296555	    398.67963159	      0.00614166	      0.00000000	      0.00000000
  17581.86718750	     78.59425470	    410.28552443	      0.00672505	      0.00000000	      0.00000000
  18081.86718750	     72.11941417	    422.52333367	      0.00710392	      0.00000000	      0.00000000
  18581.86718750	     66.21119867	    435.97008309	      0.00720273	      0.00000000	      0.00000000
  19081.86718750	     60.82742505	    450.58438623	      0.00720133	      0.00000000	      0.00000000
  19581.86718750	     55.92261353	    465.58964143	      0.00719124	      0.00000000	      0.00000000
  20081.86718750	     51.44764341	    480.32341443	      0.00718805	      0.00000000	      0.00000000
  20590.05468750	     47.29096431	    494.83944070	      0.00718842	      0.00000000	      0.00000000
  21149.06054688	     43.12545790	    510.55214616	      0.00718994	      0.00000000	      0.00000000
  21763.96679688	     38.98528525	    528.14762458	      0.00719179	      0.00000000	      0.00000000
  22440.36328125	     34.90956565	    548.31035268	      0.00719320	      0.00000000	      0.00000000
  23184.40039062	     30.94050828	    571.52587073	      0.00719387	      0.00000000	      0.00000000
  24002.83984375	     27.11969984	    598.02860108	      0.00719408	      0.00000000	      0.00000000
  24903.12304688	     23.48561784	    628.09221556	      0.00719411	      0.00000000	      0.00000000
  25893.43554688	     20.07320935	    662.32208632	      0.00719411	      0.00000000	      0.00000000
  26982.77929688	     16.91572601	    701.76651715	      0.00719405	      0.00000000	      0.00000000
  10000.00,         64,    1009.32
     25.00000000	   1006.46618290	    298.31225360	     16.09795288	      0.00000000	      0.00000000
     75.00000000	   1000.77712593	    298.27841599	     15.73453212	      0.00000000	      0.00000000
    127.84809875	    994.78820869	    298.32207293	     15.67747836	      0.00000000	      0.00000000
    186.71687317	    988.14783246	    298.36706282	     15.61563454	      0.00000000	      0.00000000
    252.29220581	    980.78910867	    298.41491011	     15.54920596	      0.00000000	      0.00000000
    325.33816528	    972.63912904	    298.46809512	     15.44983963	      0.00000000	      0.00000000
    406.70581055	    963.61884535	    298.53666102	     15.30533002	      0.00000000	      0.00000000
    497.34317017	    953.64309066	    298.63933391	     15.07551708	      0.00000000	      0.00000000
    598.30627441	    942.62089803	    298.81161899	     14.70529940	      0.00000000	      0.00000000
    710.77154541	    930.45636168	    299.10443720	     14.14477537	      0.00000000	      0.00000000
    836.04931641	    917.04928834	    299.52755792	     13.46820627	      0.00000000	      0.00000000
    975.59924316	    902.29498701	    300.05504472	     12.79114446	      0.00000000	      0.00000000
   1131.04724121	    886.08420198	    300.66580947	     12.15443359	      0.00000000	      0.00000000
   1304.20446777	    868.30391396	    301.35553640	     11.54044566	      0.00000000	      0.00000000
   1497.08850098	    848.83901888	    302.13135391	     10.91727203	      0.00000000	      0.00000000
   1711.94665527	    827.57452480	    302.99998663	     10.26560668	      0.00000000	      0.00000000
   1951.28234863	    804.39809344	    303.96504847	      9.58305016	      0.00000000	      0.00000000
   2217.88403320	    779.20355497	    305.03652208	      8.87376237	      0.00000000	      0.00000000
   2514.85815430	    751.89594519	    306.24090280	      8.13727830	      0.00000000	      0.00000000
   2845.66479492	    722.39781155	    307.61180667	      7.36651186	      0.00000000	      0.00000000
   3214.15820312	    690.65530637	    309.16945111	      6.55803864	      0.00000000	      0.00000000
   3624.63183594	    656.64467278	    310.92930986	      5.71463396	      0.00000000	      0.00000000
   4081.86840820	    620.38240044	    312.91865054	      4.84137013	      0.00000000	      0.00000000
   4581.86816406	    582.62621316	    315.11373406	      3.97207448	      0.00000000	      0.00000000
   5081.86816406	    546.77128572	    317.25196742	      3.21989281	      0.00000000	      0.00000000
   5581.86816406	    512.72569838	    319.28243512	      2.58989097	      0.00000000	      0.00000000
   6081.86816406	    480.40768497	    321.23223470	      2.04903831	      0.00000000	      0.00000000
   6581.86816406	    449.74183241	    323.13031616	      1.57109930	      0.00000000	      0.00000000
   7081.86816406	    420.65568003	    324.93834066	      1.16500450	      0.00000000	      0.00000000
   7581.86816406	    393.07540825	    326.57420401	      0.84657632	      0.00000000	      0.00000000
   8081.86816406	    366.92711539	    328.00680753	      0.60765626	      0.00000000	      0.00000000
   8581.86816406	    342.14083193	    329.24627037	      0.42951792	      0.00000000	      0.00000000
   9081.86816406	    318.65181990	    330.30508704	      0.29685465	      0.00000000	      0.00000000
   9581.86816406	    296.39995078	    331.18941793	      0.20063772	      0.00000000	      0.00000000
  10081.86816406	    275.32963592	    331.92285243	      0.13329853	      0.00000000	      0.00000000
  10581.86816406	    255.39043721	    332.55018980	      0.08761491	      0.00000000	      0.00000000
  11081.86816406	    236.53736108	    333.13401388	      0.05716814	      0.00000000	      0.00000000
  11581.86816406	    218.73085343	    333.75701819	      0.03690855	      0.00000000	      0.00000000
  12081.86816406	    201.93696558	    334.53599945	      0.02351123	      0.00000000	      0.00000000
  12581.86816406	    186.12805482	    335.64708656	      0.01484306	      0.00000000	      0.00000000
  13081.86816406	    171.28376699	    337.34604475	      0.00948154	      0.00000000	      0.00000000
  13581.86816406	    157.39216784	    340.00829250	      0.00638161	      0.00000000	      0.00000000
  14081.86816406	    144.44907600	    344.07562762	      0.00477113	      0.00000000	      0.00000000
  14581.86816406	    132.45199139	    349.86720081	      0.00411305	      0.00000000	      0.00000000
  15081.86816406	    121.38965103	    357.41066586	      0.00402805	      0.00000000	      0.00000000
  15581.86816406	    111.23378801	    366.45062661	      0.00429667	      0.00000000	      0.00000000
  16081.86816406	    101.93801857	    376.58729215	      0.00481852	      0.00000000	      0.00000000
  16581.86718750	     93.44284377	    387.42235490	      0.00547047	      0.00000000	      0.00000000
  17081.86718750	     85.68296555	    398.67963159	      0.00614166	      0.00000000	      0.00000000
  17581.86718750	     78.59425470	    410.28552443	      0.00672505	      0.00000000	      0.00000000
  18081.86718750	     72.11941417	    422.52333367	      0.00710392	      0.00000000	      0.00000000
  18581.86718750	     66.21119867	    435.97008309	      0.00720273	      0.00000000	      0.00000000
  19081.86718750	     60.82742505	    450.58438623	      0.00720133	      0.00000000	      0.00000000
  19581.86718750	     55.92261353	    465.58964143	      0.00719124	      0.00000000	      0.00000000
  20081.86718750	     51.44764341	    480.32341443	      0.00718805	      0.00000000	      0.00000000
  20590.05468750	     47.29096431	    494.83944070	      0.00718842	      0.00000000	      0.00000000
  21149.06054688	     43.12545790	    510.55214616	      0.00718994	      0.00000000	      0.00000000
  21763.96679688	     38.98528525	    528.14762458	      0.00719179	      0.00000000	      0.00000000
  22440.36328125	     34.90956565	    548.31035268	      0.00719320	      0.00000000	      0.00000000
  23184.40039062	     30.94050828	    571.52587073	      0.00719387	      0.00000000	      0.00000000
  24002.83984375	     27.11969984	    598.02860108	      0.00719408	      0.00000000	      0.00000000
  24903.12304688	     23.48561784	    628.09221556	      0.00719411	      0.00000000	      0.00000000
  25893.43554688	     20.07320935	    662.32208632	      0.00719411	      0.00000000	      0.00000000
  26982.77929688	     16.91572601	    701.76651715	      0.00719405	      0.00000000	      0.00000000
