    25.00
    83.51
   152.29
   233.54
   330.01
   445.17
   583.38
   750.01
   951.58
  1195.53
  1489.45
  1839.11
  2244.67
  2697.28
  3182.01
  3681.28
  4181.51
  4681.00
  5180.94
  5681.07
  6181.09
  6681.05
  7181.05
  7681.06
  8181.06
  8681.06
  9181.06
  9681.05
 10181.04
 10681.11
 11181.14
 11680.88
 12180.77
 12681.72
 13182.12
 13676.61
 14155.60
 14606.76
 15019.35
 15386.39
 15706.26
 15981.98
 16218.67
 16422.37
 16599.29
 16754.97
 16894.13
 17020.66
 17137.80
 17248.10
 17353.49
 17455.51
 17555.43
 17654.28
 17752.86
 17851.69
 17951.08
 18051.08
 18151.57
 18252.37
 18353.35
 18454.38
 18555.36
 18656.21
 18756.88
 18857.33
 18957.54
 19057.52
 19157.31
 19256.97
 19356.60
 19456.34
 19556.36
 19656.86
 19758.01
 19859.90
 19962.60
 20066.11
 20170.39
 20275.42
 20381.16
 20487.58
 20594.69
 20702.46
 20810.90
 20920.03
 21029.86
 21140.43
 21251.77
 21363.90
 21476.83
 21590.59
 21705.16
 21820.54
 21936.73
 22053.70
 22171.42
 22289.89
 22409.09
 22529.05
 22649.81
 22771.40
 22893.91
 23017.43
 23142.05
 23267.87
 23394.89
 23523.05
 23652.23
 23782.20
 23912.68
 24043.30
 24173.64
 24303.48
 24432.89
 24562.20
 24692.06
 24823.39
 24957.46
 25095.98
 25241.03
 25394.82
 25559.62
 25737.75
 25931.44
 26142.66
 26372.89
 26623.59
 26896.10
 27191.60
 27511.31
 27857.57
 28234.69
 28650.85
 29123.50
 29685.56
 30365.01
 31154.76
 32042.22
 33006.98
 34006.98
 35006.98
 36006.98
 37006.98
