    0.00000               1   00000000
   75.00000               2   75.00000
   161.6250               3   86.62500
   261.6769               4   100.0519
   377.2368               5   115.5599
   510.7085               6   133.4717
   664.8683               7   154.1598
   842.9229               8   178.0546
   1048.576               9   205.6530
   1286.105              10   237.5292
   1560.451              11   274.3463
   1877.321              12   316.8699
   2243.306              13   365.9847
   2666.019              14   422.7124
   3154.251              15   488.2328
   3718.160              16   563.9089
   4369.475              17   651.3148
   5121.744              18   752.2686
   5990.614              19   868.8702
   6994.159              20   1003.545
   7994.159              21   1000.000
   8994.158              22   1000.000
   9994.158              23   1000.000
   10994.16              24   1000.000
   11994.16              25   1000.000
   12994.16              26   1000.000
   13994.16              27   1000.000
   14994.16              28   1000.000
   15994.16              29   1000.000
   16994.16              30   1000.000
   17994.16              31   1000.000
   18994.16              32   1000.000
   19994.16              33   1000.000
   20994.16              34   1000.000
   22054.16              35   1060.000
   23177.76              36   1123.600
   24368.77              37   1191.016
   25631.25              38   1262.477
   26969.47              39   1338.225
   28387.99              40   1418.519
   29887.99              41   1500.000
   31387.99              42   1500.000
   32887.99              43   1500.000
