  0.0000000E+00           1
   20.00000               2   20.00000
   60.00000               3   40.00000    
   102.4490               4   42.44898    
   147.4969               5   45.04790    
   195.3028               6   47.80593    
   246.0356               7   50.73283    
   299.8745               8   53.83892    
   357.0097               9   57.13518    
   417.6429              10   60.63325    
   481.9884              11   64.34549    
   550.2734              12   68.28500    
   622.7391              13   72.46571    
   699.6415              14   76.90240    
   781.2523              15   81.61070    
   867.8596              16   86.60728    
   959.7693              17   91.90977    
   1057.306              18   97.53690    
   1163.818              19   106.5121    
   1282.434              20   118.6157    
   1414.529              21   132.0948    
   1561.634              22   147.1055    
   1725.457              23   163.8221    
   1907.895              24   182.4382    
   2118.421              25   210.5263    
   2408.391              26   289.9702    
   2807.784              27   399.3929    
   3357.891              28   550.1072    
   4115.586              29   757.6949    
   5115.586              30   1000.000    
   6115.586              31   1000.000    
   7115.586              32   1000.000    
   8115.586              33   1000.000    
   9115.586              34   1000.000    
   10115.59              35   1000.000    
   11115.59              36   1000.000    
   12115.59              37   1000.000    
   13115.59              38   1000.000    
   14115.59              39   1000.000    
   15115.59              40   1000.000    
   16115.59              41   1000.000    
   17115.59              42   1000.000    
   18115.59              43   1000.000    
   19115.59              44   1000.000    
   20115.59              45   1000.000    
   21122.81              46   1007.224    
   22192.99              47   1070.176    
   23330.05              48   1137.062    
   24538.18              49   1208.128    
   25821.81              50   1283.636    
   27185.68              51   1363.863    
   28634.78              52   1449.105    
   30134.78              53   1500.000    
   31634.78              54   1500.000    
   33134.78              55   1500.000    

