  z[m] p[mb] tpls[K/s] qls[kg/kg/s] uls_hor vls_hor wls[m/s]
    0.,  40,  1005.5
   -999.0000000   1000.0000000      0.0000000      0.0000000      0.0000000      0.0000000      0.0000000
   -999.0000000    975.0000000      0.0000000      0.0000000      0.0000000      0.0000000      0.0000000
   -999.0000000    950.0000000      0.0000000      0.0000000      0.0000000      0.0000000      0.0000000
   -999.0000000    925.0000000      0.0000000      0.0000000      0.0000000      0.0000000      0.0000000
   -999.0000000    900.0000000      0.0000000      0.0000000      0.0000000      0.0000000      0.0000000
   -999.0000000    875.0000000      0.0000000      0.0000000      0.0000000      0.0000000      0.0000000
   -999.0000000    850.0000000      0.0000000      0.0000000      0.0000000      0.0000000      0.0000000
   -999.0000000    825.0000000      0.0000000      0.0000000      0.0000000      0.0000000      0.0000000
   -999.0000000    800.0000000      0.0000000      0.0000000      0.0000000      0.0000000      0.0000000
   -999.0000000    775.0000000      0.0000000      0.0000000      0.0000000      0.0000000      0.0000000
   -999.0000000    750.0000000      0.0000000      0.0000000      0.0000000      0.0000000      0.0000000
   -999.0000000    725.0000000      0.0000000      0.0000000      0.0000000      0.0000000      0.0000000
   -999.0000000    700.0000000      0.0000000      0.0000000      0.0000000      0.0000000      0.0000000
   -999.0000000    675.0000000      0.0000000      0.0000000      0.0000000      0.0000000      0.0000000
   -999.0000000    650.0000000      0.0000000      0.0000000      0.0000000      0.0000000      0.0000000
   -999.0000000    625.0000000      0.0000000      0.0000000      0.0000000      0.0000000      0.0000000
   -999.0000000    600.0000000      0.0000000      0.0000000      0.0000000      0.0000000      0.0000000
   -999.0000000    575.0000000      0.0000000      0.0000000      0.0000000      0.0000000      0.0000000
   -999.0000000    550.0000000      0.0000000      0.0000000      0.0000000      0.0000000      0.0000000
   -999.0000000    525.0000000      0.0000000      0.0000000      0.0000000      0.0000000      0.0000000
   -999.0000000    500.0000000      0.0000000      0.0000000      0.0000000      0.0000000      0.0000000
   -999.0000000    475.0000000      0.0000000      0.0000000      0.0000000      0.0000000      0.0000000
   -999.0000000    450.0000000      0.0000000      0.0000000      0.0000000      0.0000000      0.0000000
   -999.0000000    425.0000000      0.0000000      0.0000000      0.0000000      0.0000000      0.0000000
   -999.0000000    400.0000000      0.0000000      0.0000000      0.0000000      0.0000000      0.0000000
   -999.0000000    375.0000000      0.0000000      0.0000000      0.0000000      0.0000000      0.0000000
   -999.0000000    350.0000000      0.0000000      0.0000000      0.0000000      0.0000000      0.0000000
   -999.0000000    325.0000000      0.0000000      0.0000000      0.0000000      0.0000000      0.0000000
   -999.0000000    300.0000000      0.0000000      0.0000000      0.0000000      0.0000000      0.0000000
   -999.0000000    275.0000000      0.0000000      0.0000000      0.0000000      0.0000000      0.0000000
   -999.0000000    250.0000000      0.0000000      0.0000000      0.0000000      0.0000000      0.0000000
   -999.0000000    225.0000000      0.0000000      0.0000000      0.0000000      0.0000000      0.0000000
   -999.0000000    200.0000000      0.0000000      0.0000000      0.0000000      0.0000000      0.0000000
   -999.0000000    175.0000000      0.0000000      0.0000000      0.0000000      0.0000000      0.0000000
   -999.0000000    150.0000000      0.0000000      0.0000000      0.0000000      0.0000000      0.0000000
   -999.0000000    125.0000000      0.0000000      0.0000000      0.0000000      0.0000000      0.0000000
   -999.0000000    100.0000000      0.0000000      0.0000000      0.0000000      0.0000000      0.0000000
   -999.0000000     75.0000000      0.0000000      0.0000000      0.0000000      0.0000000      0.0000000
   -999.0000000     50.0000000      0.0000000      0.0000000      0.0000000      0.0000000      0.0000000
   -999.0000000     25.0000000      0.0000000      0.0000000      0.0000000      0.0000000      0.0000000
 753.75,  40,  1005.5
   -999.0000000   1000.0000000      0.0000000      0.0000000      0.0000000      0.0000000      0.0000000
   -999.0000000    975.0000000      0.0000000      0.0000000      0.0000000      0.0000000      0.0000000
   -999.0000000    950.0000000      0.0000000      0.0000000      0.0000000      0.0000000      0.0000000
   -999.0000000    925.0000000      0.0000000      0.0000000      0.0000000      0.0000000      0.0000000
   -999.0000000    900.0000000      0.0000000      0.0000000      0.0000000      0.0000000      0.0000000
   -999.0000000    875.0000000      0.0000000      0.0000000      0.0000000      0.0000000      0.0000000
   -999.0000000    850.0000000      0.0000000      0.0000000      0.0000000      0.0000000      0.0000000
   -999.0000000    825.0000000      0.0000000      0.0000000      0.0000000      0.0000000      0.0000000
   -999.0000000    800.0000000      0.0000000      0.0000000      0.0000000      0.0000000      0.0000000
   -999.0000000    775.0000000      0.0000000      0.0000000      0.0000000      0.0000000      0.0000000
   -999.0000000    750.0000000      0.0000000      0.0000000      0.0000000      0.0000000      0.0000000
   -999.0000000    725.0000000      0.0000000      0.0000000      0.0000000      0.0000000      0.0000000
   -999.0000000    700.0000000      0.0000000      0.0000000      0.0000000      0.0000000      0.0000000
   -999.0000000    675.0000000      0.0000000      0.0000000      0.0000000      0.0000000      0.0000000
   -999.0000000    650.0000000      0.0000000      0.0000000      0.0000000      0.0000000      0.0000000
   -999.0000000    625.0000000      0.0000000      0.0000000      0.0000000      0.0000000      0.0000000
   -999.0000000    600.0000000      0.0000000      0.0000000      0.0000000      0.0000000      0.0000000
   -999.0000000    575.0000000      0.0000000      0.0000000      0.0000000      0.0000000      0.0000000
   -999.0000000    550.0000000      0.0000000      0.0000000      0.0000000      0.0000000      0.0000000
   -999.0000000    525.0000000      0.0000000      0.0000000      0.0000000      0.0000000      0.0000000
   -999.0000000    500.0000000      0.0000000      0.0000000      0.0000000      0.0000000      0.0000000
   -999.0000000    475.0000000      0.0000000      0.0000000      0.0000000      0.0000000      0.0000000
   -999.0000000    450.0000000      0.0000000      0.0000000      0.0000000      0.0000000      0.0000000
   -999.0000000    425.0000000      0.0000000      0.0000000      0.0000000      0.0000000      0.0000000
   -999.0000000    400.0000000      0.0000000      0.0000000      0.0000000      0.0000000      0.0000000
   -999.0000000    375.0000000      0.0000000      0.0000000      0.0000000      0.0000000      0.0000000
   -999.0000000    350.0000000      0.0000000      0.0000000      0.0000000      0.0000000      0.0000000
   -999.0000000    325.0000000      0.0000000      0.0000000      0.0000000      0.0000000      0.0000000
   -999.0000000    300.0000000      0.0000000      0.0000000      0.0000000      0.0000000      0.0000000
   -999.0000000    275.0000000      0.0000000      0.0000000      0.0000000      0.0000000      0.0000000
   -999.0000000    250.0000000      0.0000000      0.0000000      0.0000000      0.0000000      0.0000000
   -999.0000000    225.0000000      0.0000000      0.0000000      0.0000000      0.0000000      0.0000000
   -999.0000000    200.0000000      0.0000000      0.0000000      0.0000000      0.0000000      0.0000000
   -999.0000000    175.0000000      0.0000000      0.0000000      0.0000000      0.0000000      0.0000000
   -999.0000000    150.0000000      0.0000000      0.0000000      0.0000000      0.0000000      0.0000000
   -999.0000000    125.0000000      0.0000000      0.0000000      0.0000000      0.0000000      0.0000000
   -999.0000000    100.0000000      0.0000000      0.0000000      0.0000000      0.0000000      0.0000000
   -999.0000000     75.0000000      0.0000000      0.0000000      0.0000000      0.0000000      0.0000000
   -999.0000000     50.0000000      0.0000000      0.0000000      0.0000000      0.0000000      0.0000000
   -999.0000000     25.0000000      0.0000000      0.0000000      0.0000000      0.0000000      0.0000000
