      z[m]      p[mb]      tp[K]    q[g/kg]     u[m/s]     v[m/s]
      0.00,         64,    1005.50
     25.00000000	   -999.00000000	    298.50677490	     15.49662018	      0.00000000	      0.00000000
     83.51000214	   -999.00000000	    298.43298340	     14.97292709	      0.00000000	      0.00000000
    152.28999329	   -999.00000000	    298.48876953	     14.84840012	      0.00000000	      0.00000000
    233.53999329	   -999.00000000	    298.56259155	     14.75235367	      0.00000000	      0.00000000
    330.01000977	   -999.00000000	    298.64880371	     14.63479519	      0.00000000	      0.00000000
    445.17001343	   -999.00000000	    298.75997925	     14.44389343	      0.00000000	      0.00000000
    583.38000488	   -999.00000000	    298.93801880	     14.11294651	      0.00000000	      0.00000000
    750.01000977	   -999.00000000	    299.28353882	     13.49998283	      0.00000000	      0.00000000
    951.58001709	   -999.00000000	    299.92294312	     12.54407692	      0.00000000	      0.00000000
   1195.53002930	   -999.00000000	    300.86431885	     11.45832539	      0.00000000	      0.00000000
   1489.44995117	   -999.00000000	    302.07754517	     10.38902569	      0.00000000	      0.00000000
   1839.10998535	   -999.00000000	    303.53457642	      9.35382557	      0.00000000	      0.00000000
   2244.66992188	   -999.00000000	    305.22012329	      8.31566811	      0.00000000	      0.00000000
   2697.28002930	   -999.00000000	    307.11380005	      7.26129484	      0.00000000	      0.00000000
   3182.01000977	   -999.00000000	    309.17166138	      6.21467638	      0.00000000	      0.00000000
   3681.28002930	   -999.00000000	    311.31668091	      5.21928024	      0.00000000	      0.00000000
   4181.50976563	   -999.00000000	    313.48355103	      4.30783319	      0.00000000	      0.00000000
   4681.00000000	   -999.00000000	    315.63790894	      3.50038004	      0.00000000	      0.00000000
   5180.93994141	   -999.00000000	    317.73361206	      2.80935955	      0.00000000	      0.00000000
   5681.06982422	   -999.00000000	    319.74771118	      2.22007871	      0.00000000	      0.00000000
   6181.08984375	   -999.00000000	    321.69296265	      1.70804667	      0.00000000	      0.00000000
   6681.04980469	   -999.00000000	    323.55029297	      1.27179456	      0.00000000	      0.00000000
   7181.04980469	   -999.00000000	    325.26199341	      0.92460442	      0.00000000	      0.00000000
   7681.06005859	   -999.00000000	    326.77261353	      0.66722518	      0.00000000	      0.00000000
   8181.06005859	   -999.00000000	    328.07910156	      0.48110491	      0.00000000	      0.00000000
   8681.05957031	   -999.00000000	    329.19662476	      0.34585303	      0.00000000	      0.00000000
   9181.05957031	   -999.00000000	    330.14584351	      0.24620186	      0.00000000	      0.00000000
   9681.04980469	   -999.00000000	    330.94787598	      0.17259215	      0.00000000	      0.00000000
  10181.04003906	   -999.00000000	    331.62719727	      0.11936011	      0.00000000	      0.00000000
  10681.11035156	   -999.00000000	    332.20654297	      0.08262459	      0.00000000	      0.00000000
  11181.13964844	   -999.00000000	    332.70959473	      0.05823942	      0.00000000	      0.00000000
  11680.87988281	   -999.00000000	    333.16952515	      0.04148372	      0.00000000	      0.00000000
  12180.76953125	   -999.00000000	    333.66629028	      0.02893495	      0.00000000	      0.00000000
  12681.71972656	   -999.00000000	    334.50335693	      0.01684858	      0.00000000	      0.00000000
  13182.12011719	   -999.00000000	    336.06192017	      0.00939710	      0.00000000	      0.00000000
  13676.61035156	   -999.00000000	    338.78723145	      0.00605261	      0.00000000	      0.00000000
  14155.59960938	   -999.00000000	    343.24694824	      0.00465214	      0.00000000	      0.00000000
  14606.75976563	   -999.00000000	    349.57421875	      0.00399872	      0.00000000	      0.00000000
  15019.34960938	   -999.00000000	    356.92697144	      0.00397908	      0.00000000	      0.00000000
  15386.38964844	   -999.00000000	    363.96176147	      0.00429747	      0.00000000	      0.00000000
  15706.25976563	   -999.00000000	    369.86026001	      0.00459129	      0.00000000	      0.00000000
  15981.98046875	   -999.00000000	    374.65313721	      0.00471868	      0.00000000	      0.00000000
  16218.66992188	   -999.00000000	    378.72604370	      0.00472083	      0.00000000	      0.00000000
  16422.36914063	   -999.00000000	    382.39770508	      0.00463342	      0.00000000	      0.00000000
  16599.28906250	   -999.00000000	    385.85510254	      0.00445293	      0.00000000	      0.00000000
  16754.97070313	   -999.00000000	    389.14822388	      0.00421143	      0.00000000	      0.00000000
  16894.13085938	   -999.00000000	    392.27822876	      0.00395869	      0.00000000	      0.00000000
  17020.66015625	   -999.00000000	    395.22927856	      0.00374020	      0.00000000	      0.00000000
  17137.80078125	   -999.00000000	    398.00390625	      0.00358369	      0.00000000	      0.00000000
  17248.09960938	   -999.00000000	    400.62509155	      0.00349532	      0.00000000	      0.00000000
  17353.49023438	   -999.00000000	    403.12640381	      0.00346081	      0.00000000	      0.00000000
  17455.50976563	   -999.00000000	    405.54785156	      0.00345453	      0.00000000	      0.00000000
  17555.42968750	   -999.00000000	    407.92245483	      0.00345433	      0.00000000	      0.00000000
  17654.27929688	   -999.00000000	    410.27764893	      0.00345153	      0.00000000	      0.00000000
  17752.85937500	   -999.00000000	    412.63882446	      0.00344450	      0.00000000	      0.00000000
  17851.68945313	   -999.00000000	    415.02893066	      0.00343426	      0.00000000	      0.00000000
  17951.08007813	   -999.00000000	    417.47842407	      0.00342515	      0.00000000	      0.00000000
  18051.08007813	   -999.00000000	    420.01339722	      0.00342049	      0.00000000	      0.00000000
  18151.57031250	   -999.00000000	    422.62176514	      0.00341927	      0.00000000	      0.00000000
  18252.36914063	   -999.00000000	    425.26104736	      0.00341915	      0.00000000	      0.00000000
  18353.34960938	   -999.00000000	    427.90396118	      0.00341898	      0.00000000	      0.00000000
  18454.38085938	   -999.00000000	    430.55432129	      0.00341890	      0.00000000	      0.00000000
  18555.35937500	   -999.00000000	    433.23941040	      0.00341888	      0.00000000	      0.00000000
  18656.21093750	   -999.00000000	    435.93411255	      0.00341897	      0.00000000	      0.00000000
  10000.00,         64,    1005.50
     25.00000000	   -999.00000000	    298.50677490	     15.49662018	      0.00000000	      0.00000000
     83.51000214	   -999.00000000	    298.43298340	     14.97292709	      0.00000000	      0.00000000
    152.28999329	   -999.00000000	    298.48876953	     14.84840012	      0.00000000	      0.00000000
    233.53999329	   -999.00000000	    298.56259155	     14.75235367	      0.00000000	      0.00000000
    330.01000977	   -999.00000000	    298.64880371	     14.63479519	      0.00000000	      0.00000000
    445.17001343	   -999.00000000	    298.75997925	     14.44389343	      0.00000000	      0.00000000
    583.38000488	   -999.00000000	    298.93801880	     14.11294651	      0.00000000	      0.00000000
    750.01000977	   -999.00000000	    299.28353882	     13.49998283	      0.00000000	      0.00000000
    951.58001709	   -999.00000000	    299.92294312	     12.54407692	      0.00000000	      0.00000000
   1195.53002930	   -999.00000000	    300.86431885	     11.45832539	      0.00000000	      0.00000000
   1489.44995117	   -999.00000000	    302.07754517	     10.38902569	      0.00000000	      0.00000000
   1839.10998535	   -999.00000000	    303.53457642	      9.35382557	      0.00000000	      0.00000000
   2244.66992188	   -999.00000000	    305.22012329	      8.31566811	      0.00000000	      0.00000000
   2697.28002930	   -999.00000000	    307.11380005	      7.26129484	      0.00000000	      0.00000000
   3182.01000977	   -999.00000000	    309.17166138	      6.21467638	      0.00000000	      0.00000000
   3681.28002930	   -999.00000000	    311.31668091	      5.21928024	      0.00000000	      0.00000000
   4181.50976563	   -999.00000000	    313.48355103	      4.30783319	      0.00000000	      0.00000000
   4681.00000000	   -999.00000000	    315.63790894	      3.50038004	      0.00000000	      0.00000000
   5180.93994141	   -999.00000000	    317.73361206	      2.80935955	      0.00000000	      0.00000000
   5681.06982422	   -999.00000000	    319.74771118	      2.22007871	      0.00000000	      0.00000000
   6181.08984375	   -999.00000000	    321.69296265	      1.70804667	      0.00000000	      0.00000000
   6681.04980469	   -999.00000000	    323.55029297	      1.27179456	      0.00000000	      0.00000000
   7181.04980469	   -999.00000000	    325.26199341	      0.92460442	      0.00000000	      0.00000000
   7681.06005859	   -999.00000000	    326.77261353	      0.66722518	      0.00000000	      0.00000000
   8181.06005859	   -999.00000000	    328.07910156	      0.48110491	      0.00000000	      0.00000000
   8681.05957031	   -999.00000000	    329.19662476	      0.34585303	      0.00000000	      0.00000000
   9181.05957031	   -999.00000000	    330.14584351	      0.24620186	      0.00000000	      0.00000000
   9681.04980469	   -999.00000000	    330.94787598	      0.17259215	      0.00000000	      0.00000000
  10181.04003906	   -999.00000000	    331.62719727	      0.11936011	      0.00000000	      0.00000000
  10681.11035156	   -999.00000000	    332.20654297	      0.08262459	      0.00000000	      0.00000000
  11181.13964844	   -999.00000000	    332.70959473	      0.05823942	      0.00000000	      0.00000000
  11680.87988281	   -999.00000000	    333.16952515	      0.04148372	      0.00000000	      0.00000000
  12180.76953125	   -999.00000000	    333.66629028	      0.02893495	      0.00000000	      0.00000000
  12681.71972656	   -999.00000000	    334.50335693	      0.01684858	      0.00000000	      0.00000000
  13182.12011719	   -999.00000000	    336.06192017	      0.00939710	      0.00000000	      0.00000000
  13676.61035156	   -999.00000000	    338.78723145	      0.00605261	      0.00000000	      0.00000000
  14155.59960938	   -999.00000000	    343.24694824	      0.00465214	      0.00000000	      0.00000000
  14606.75976563	   -999.00000000	    349.57421875	      0.00399872	      0.00000000	      0.00000000
  15019.34960938	   -999.00000000	    356.92697144	      0.00397908	      0.00000000	      0.00000000
  15386.38964844	   -999.00000000	    363.96176147	      0.00429747	      0.00000000	      0.00000000
  15706.25976563	   -999.00000000	    369.86026001	      0.00459129	      0.00000000	      0.00000000
  15981.98046875	   -999.00000000	    374.65313721	      0.00471868	      0.00000000	      0.00000000
  16218.66992188	   -999.00000000	    378.72604370	      0.00472083	      0.00000000	      0.00000000
  16422.36914063	   -999.00000000	    382.39770508	      0.00463342	      0.00000000	      0.00000000
  16599.28906250	   -999.00000000	    385.85510254	      0.00445293	      0.00000000	      0.00000000
  16754.97070313	   -999.00000000	    389.14822388	      0.00421143	      0.00000000	      0.00000000
  16894.13085938	   -999.00000000	    392.27822876	      0.00395869	      0.00000000	      0.00000000
  17020.66015625	   -999.00000000	    395.22927856	      0.00374020	      0.00000000	      0.00000000
  17137.80078125	   -999.00000000	    398.00390625	      0.00358369	      0.00000000	      0.00000000
  17248.09960938	   -999.00000000	    400.62509155	      0.00349532	      0.00000000	      0.00000000
  17353.49023438	   -999.00000000	    403.12640381	      0.00346081	      0.00000000	      0.00000000
  17455.50976563	   -999.00000000	    405.54785156	      0.00345453	      0.00000000	      0.00000000
  17555.42968750	   -999.00000000	    407.92245483	      0.00345433	      0.00000000	      0.00000000
  17654.27929688	   -999.00000000	    410.27764893	      0.00345153	      0.00000000	      0.00000000
  17752.85937500	   -999.00000000	    412.63882446	      0.00344450	      0.00000000	      0.00000000
  17851.68945313	   -999.00000000	    415.02893066	      0.00343426	      0.00000000	      0.00000000
  17951.08007813	   -999.00000000	    417.47842407	      0.00342515	      0.00000000	      0.00000000
  18051.08007813	   -999.00000000	    420.01339722	      0.00342049	      0.00000000	      0.00000000
  18151.57031250	   -999.00000000	    422.62176514	      0.00341927	      0.00000000	      0.00000000
  18252.36914063	   -999.00000000	    425.26104736	      0.00341915	      0.00000000	      0.00000000
  18353.34960938	   -999.00000000	    427.90396118	      0.00341898	      0.00000000	      0.00000000
  18454.38085938	   -999.00000000	    430.55432129	      0.00341890	      0.00000000	      0.00000000
  18555.35937500	   -999.00000000	    433.23941040	      0.00341888	      0.00000000	      0.00000000
  18656.21093750	   -999.00000000	    435.93411255	      0.00341897	      0.00000000	      0.00000000
